1176896501344108554
1171398751160635392
1155882588662153236
1177045714816225391
1177046030735384646
1177046258704199740
1177046666633809930
1177046904123695164
1177046969873616907
1177047508262858752
1177047690052370452
1177047761519136809
1177048513905967144
1177048743707676793
1177048919369334784
1177049160415989832
1177049329735827536
1171398734609928232
1177050189085802546
1177050245960585276
1176509478582104165
1176987445024268428
1176971552064024689
1151058710475583579
1136528496269742100
1094988230702669856
1073609925428793474
1118636890921390080
1151058710475583579
1170717661869650038
1149668008504066142
1149644780050059305
1122990849899368550
1058479108109107342
1006125074761392178
982301842530762792
981659136532037652
969989967172481024
942888768367628319
914257028870975550
855093771812732948
709727833433571418
850822796594511922
1077620078763331676
738444566923051099
915578757933326346
927156856730845184
920710388885094440
1173596929658200144
1105845886388551741
1044858773489066076
986671248287342592
976167310442233866
932690262315106345
1145454503613702184
1143487773081337956
1060695647151472650
1157073311235326144
971522799342616656
971150061385965629
971142012260732988
939864050953769010
1177263107207352330
1161391419093696513
1150910436028452884
1143205176057004132
1136373714557096068
1077262813078224906
1047471787929260063
1039575912544489622
1028625004469964800
1176971552064024689
1176558214385500181
1175087858026024960
1175087714165604422
1170326717206904832
1169902078936752178
1169752252605538435
1169300107267682375
1167435699939717222
1167038924946931762
1166833554831986700
1164589096849641492
1159545442024030350
1159532322912227358
1151509140703805500
1148716986419904552
1148238465780162664
1145374771534630983
1144213689961029703
1142099587880980509
1141667818014781502
1138848817588998316
1136641346506084472
1136640070938529864
1136018321154785300
1134649190643929239
1134382441256194101
1133719903032057867
1129109479548534907
1128286340442763324
1128256857404874852
1124307073707020338
1122255785980862514
1121395991850004500
1120085916204146879
1119712555175256205
1118814683785351179
1114573410907988128
1112038758083199057
1111619157453197362
1110312200612089896
1109213523541762068
1106677111458115594
1103003707014123632
1103001254076096512
1101534402133119116
1097960453650518046
1097829988226564166
1096811591430832248
1096318817333936248
1096154495601352805
1095769571132178502
1095726304415994007
1095454146812989570
1095363253925847111
1092929388766580807
1092752667715063868
1092200096201977907
1091319881649111110
1091314651142295693
1089859022657695744
1084539883714003005
1084539863140937728
1084183376514261002
1084174037741224036
1084100570786304070
1083843851174813786
1081252736038862878
1076100198356504627
1070734012286505070
1067393984701407234
1066696327917998240
1064553458029559828
1055967412236857504
1050072494683467836
1049049885585973358
1045806891319701564
1045064189594566686
1044652105694187520
1044487130824572948
1044227591403491409
1043646808225763458
1040701656528080989
1040206232578969610
1039174354900111401
1032999835458093146
1032228334278553631
1022257272807772250
1021521001361723402
1020430607618158623
1013542626575794187
1013127808815480902
1010998995667140749
990654962101018664
990277646153809982
975860742089752637
975825445243203584
975809674517545030
975799552550518895
975125578187411476
974611385415778325
973910196881612811
972303149928943626
971501496015417425
971358761325301771
970635436743618641
970635349246226433
969570090951512084
953392352217682021
938141474145583166
934129488546123777
923171231807725618
920265480361627699
918129462980263947
917393923163443210
904310511963885579
900360815515955211
878276218259144725
859520938458087484
822092397416153098
817133030362841088
798180425804677141
794311662618411029
789161703198949407
743912352918798337
720042321839652867
718090672313204747
695749653831876708
684455166317297709
669888090957152256
564466150612926465
553319998886641688
1158483125849034782
1059212913786757202
1126579619055808653
934137392720396329
1160843289730224179
1115934029032738847
1097546322187399278
1097464202853109780
1080131158009982987
1076800910057021460
1035470279964622848
1032971036477620254
1005095024482066574
1004098888992567318
988780027011285013
979268622457380904
976529198313250876
946467015458181150
944209794477203477
935168326953484379
672820971715035156
1159436311585886208
454989529317900299
453551379877986324
453266900214874114
974424032923504690
